7 0.18515625 0.33289473684210524 0.115625 0.20789473684210527
7 0.22890625 0.15526315789473685 0.0859375 0.15
7 0.421875 0.1394736842105263 0.0765625 0.12368421052631579
7 0.53125 0.2881578947368421 0.09375 0.17894736842105263
7 0.8140625 0.3684210526315789 0.1015625 0.2
7 0.671875 0.21447368421052632 0.071875 0.1394736842105263
7 0.4203125 0.29342105263157897 0.0859375 0.16578947368421051
7 0.8625 0.18289473684210528 0.05625 0.11578947368421053
7 0.0375 0.29210526315789476 0.075 0.11052631578947368
7 0.08984375 0.16710526315789473 0.084375 0.14210526315789473
7 0.34375 0.18026315789473685 0.0625 0.11052631578947368