1 0.0921875 0.18352941176470589 0.0671875 0.08
1 0.14375 0.34823529411764703 0.0796875 0.0611764705882353
1 0.08828125 0.2964705882352941 0.0484375 0.08
1 0.1828125 0.48705882352941177 0.090625 0.06588235294117648
1 0.80703125 0.26823529411764707 0.1484375 0.13411764705882354
1 0.8609375 0.3835294117647059 0.159375 0.12705882352941175
1 0.853125 0.5776470588235294 0.0953125 0.09411764705882353
1 0.43984375 0.39647058823529413 0.084375 0.06588235294117648
1 0.346875 0.3552941176470588 0.0640625 0.06823529411764706
1 0.27421875 0.35294117647058826 0.0671875 0.0611764705882353
1 0.3109375 0.4223529411764706 0.05 0.09411764705882353
1 0.2703125 0.4611764705882353 0.0625 0.08470588235294117
1 0.25 0.39647058823529413 0.0734375 0.08
1 0.3359375 0.17294117647058824 0.0703125 0.07294117647058823
1 0.28984375 0.23411764705882354 0.0734375 0.04470588235294118
1 0.25 0.5741176470588235 0.0703125 0.07764705882352942
1 0.34765625 0.5435294117647059 0.053125 0.07764705882352942
1 0.15 0.3988235294117647 0.0796875 0.07294117647058823
1 0.37734375 0.7305882352941176 0.1984375 0.14588235294117646
1 0.1703125 0.5764705882352941 0.0828125 0.09647058823529411