1 0.5219718309859155 0.7590870667793744 0.14309859154929577 0.1301775147928994
1 0.6211267605633802 0.9099746407438715 0.0428169014084507 0.16060862214708369
1 0.7340845070422535 0.41208791208791207 0.059154929577464786 0.2147083685545224
1 0.6921126760563381 0.044801352493660185 0.05577464788732395 0.07692307692307693
1 0.14901408450704226 0.2599323753169907 0.09690140845070423 0.16398985629754861
1 0.3850704225352113 0.4040574809805579 0.07380281690140846 0.1952662721893491
1 0.4230985915492958 0.5710059171597633 0.09802816901408451 0.13186813186813187
1 0.5569014084507042 0.23499577345731193 0.05577464788732395 0.1944209636517329
1 0.6070422535211267 0.16314454775993237 0.06422535211267606 0.16568047337278108
1 0.6721126760563381 0.8140321217244294 0.04788732394366197 0.16821639898562976
1 0.6980281690140845 0.7421808960270498 0.036056338028169016 0.11918850380388842
1 0.7540845070422535 0.592138630600169 0.06422535211267606 0.10904480135249366
1 0.6211267605633802 0.6179205409974641 0.07380281690140846 0.11411665257819104
1 0.796056338028169 0.39180050718512255 0.04 0.18427726120033813
1 0.5780281690140845 0.7569737954353339 0.05295774647887324 0.17582417582417584