1 0.22583333333333333 0.5757575757575758 0.051666666666666666 0.08133971291866028
1 0.125 0.6251993620414673 0.10916666666666666 0.11961722488038277
1 0.13 0.511164274322169 0.08583333333333333 0.09409888357256778
1 0.8191666666666667 0.6746411483253588 0.21666666666666667 0.23285486443381181
1 0.23083333333333333 0.7751196172248804 0.09333333333333334 0.12280701754385964
1 0.46708333333333335 0.7137161084529505 0.12166666666666667 0.09888357256778309
1 0.6658333333333334 0.7416267942583732 0.145 0.1467304625199362
1 0.34708333333333335 0.5909090909090909 0.10583333333333333 0.11004784688995216
1 0.6708333333333333 0.48484848484848486 0.12833333333333333 0.11164274322169059
1 0.10791666666666666 0.7567783094098883 0.07416666666666667 0.16905901116427433
1 0.23708333333333334 0.6722488038277512 0.14083333333333334 0.11961722488038277