1 0.5538461538461539 0.34464285714285714 0.12564102564102564 0.11428571428571428
1 0.37051282051282053 0.38392857142857145 0.07692307692307693 0.16785714285714284
1 0.27564102564102566 0.2357142857142857 0.06153846153846154 0.10357142857142858
1 0.3487179487179487 0.9017857142857143 0.05641025641025641 0.05357142857142857
1 0.46025641025641023 0.6696428571428571 0.14615384615384616 0.2
1 0.11153846153846154 0.8089285714285714 0.1 0.16785714285714284
1 0.7384615384615385 0.5875 0.14871794871794872 0.14642857142857144
1 0.2846153846153846 0.3464285714285714 0.07435897435897436 0.11428571428571428
1 0.9487179487179487 0.7 0.10256410256410256 0.1392857142857143
1 0.9012820512820513 0.4857142857142857 0.11794871794871795 0.16071428571428573
1 0.7435897435897436 0.30714285714285716 0.09230769230769231 0.16428571428571428
1 0.691025641025641 0.8946428571428572 0.07692307692307693 0.06428571428571428
1 0.11538461538461539 0.6535714285714286 0.14615384615384616 0.11071428571428571