1 0.455078125 0.5131944444444444 0.0578125 0.22083333333333333
1 0.82109375 0.24722222222222223 0.04375 0.16111111111111112
1 0.1109375 0.63125 0.0703125 0.19583333333333333
1 0.071875 0.3972222222222222 0.07421875 0.23472222222222222
1 0.151171875 0.4479166666666667 0.06015625 0.21805555555555556
1 0.176953125 0.23125 0.05234375 0.15555555555555556
1 0.062109375 0.09930555555555555 0.06015625 0.19444444444444445
1 0.244921875 0.18680555555555556 0.05390625 0.2
1 0.196875 0.8208333333333333 0.19296875 0.16944444444444445
1 0.333984375 0.8020833333333334 0.084375 0.3263888888888889
1 0.39296875 0.7506944444444444 0.08828125 0.2763888888888889
1 0.421875 0.6138888888888889 0.07734375 0.22777777777777777
1 0.3671875 0.3541666666666667 0.0640625 0.3013888888888889
1 0.5828125 0.42777777777777776 0.06015625 0.18194444444444444
1 0.746875 0.4777777777777778 0.078125 0.2388888888888889
1 0.78203125 0.7090277777777778 0.07109375 0.2902777777777778
1 0.85703125 0.6659722222222222 0.08203125 0.2611111111111111
1 0.887109375 0.45902777777777776 0.06171875 0.2361111111111111
1 0.825 0.09583333333333334 0.0453125 0.12083333333333333
1 0.91015625 0.12916666666666668 0.0390625 0.1375
1 0.619921875 0.10625 0.05625 0.16666666666666666
1 0.4609375 0.9048611111111111 0.0578125 0.18333333333333332
1 0.573828125 0.8708333333333333 0.07109375 0.2569444444444444
1 0.30390625 0.27708333333333335 0.08125 0.3055555555555556
1 0.51015625 0.6569444444444444 0.12578125 0.2513888888888889
1 0.225 0.5479166666666667 0.0828125 0.25
1 0.291015625 0.49166666666666664 0.075 0.15
1 0.512109375 0.23125 0.06328125 0.12222222222222222
1 0.587109375 0.20208333333333334 0.06875 0.11944444444444445
1 0.68203125 0.2708333333333333 0.071875 0.21388888888888888
1 0.398046875 0.04027777777777778 0.040625 0.08055555555555556
1 0.5109375 0.03819444444444445 0.0703125 0.0763888888888889
1 0.433984375 0.17083333333333334 0.125 0.13055555555555556
1 0.444140625 0.30625 0.15 0.22361111111111112