1 0.6350210970464135 0.4116541353383459 0.02531645569620253 0.06015037593984962
1 0.4166666666666667 0.5075187969924813 0.02531645569620253 0.05263157894736842
1 0.4451476793248945 0.462406015037594 0.02531645569620253 0.045112781954887216
1 0.45358649789029537 0.5093984962406015 0.0379746835443038 0.05263157894736842
1 0.4694092827004219 0.4605263157894737 0.0379746835443038 0.05263157894736842
1 0.5316455696202531 0.4718045112781955 0.03164556962025317 0.05639097744360902
1 0.5685654008438819 0.45112781954887216 0.027426160337552744 0.045112781954887216
1 0.6075949367088608 0.42105263157894735 0.029535864978902954 0.06390977443609022
1 0.5991561181434599 0.14285714285714285 0.03164556962025317 0.06390977443609022
1 0.5179324894514767 0.11654135338345864 0.0379746835443038 0.04887218045112782
1 0.4651898734177215 0.13721804511278196 0.023206751054852322 0.045112781954887216
1 0.4641350210970464 0.20488721804511278 0.027426160337552744 0.06766917293233082
1 0.43670886075949367 0.231203007518797 0.0379746835443038 0.03007518796992481
1 0.4883966244725738 0.18045112781954886 0.02109704641350211 0.05263157894736842
1 0.5052742616033755 0.21804511278195488 0.023206751054852322 0.04887218045112782
1 0.5147679324894515 0.18609022556390978 0.0189873417721519 0.041353383458646614
1 0.5464135021097046 0.16917293233082706 0.023206751054852322 0.03759398496240601
1 0.5654008438818565 0.18984962406015038 0.02531645569620253 0.04887218045112782
1 0.5981012658227848 0.25375939849624063 0.02531645569620253 0.03759398496240601
1 0.570675105485232 0.24060150375939848 0.03375527426160337 0.05263157894736842
1 0.4778481012658228 0.2744360902255639 0.0189873417721519 0.05639097744360902
1 0.5770042194092827 0.3308270676691729 0.023206751054852322 0.041353383458646614
1 0.5991561181434599 0.32142857142857145 0.02531645569620253 0.045112781954887216
1 0.5981012658227848 0.287593984962406 0.03375527426160337 0.041353383458646614
1 0.5981012658227848 0.35714285714285715 0.02531645569620253 0.041353383458646614
1 0.5295358649789029 0.29135338345864664 0.029535864978902954 0.05639097744360902
1 0.4061181434599156 0.35150375939849626 0.18354430379746836 0.16541353383458646