1 0.37658227848101267 0.8876404494382022 0.03375527426160337 0.0599250936329588
1 0.31962025316455694 0.704119850187266 0.0379746835443038 0.0599250936329588
1 0.3407172995780591 0.7734082397003745 0.03375527426160337 0.0299625468164794
1 0.29535864978902954 0.9737827715355806 0.0379746835443038 0.052434456928838954
1 0.33438818565400846 0.9662921348314607 0.04219409282700422 0.06741573033707865
1 0.37763713080168776 0.949438202247191 0.0379746835443038 0.056179775280898875
1 0.5189873417721519 0.9438202247191011 0.05063291139240506 0.06367041198501873
1 0.5516877637130801 0.8838951310861424 0.0379746835443038 0.07116104868913857
1 0.5210970464135021 0.850187265917603 0.05063291139240506 0.056179775280898875
1 0.5348101265822784 0.7827715355805244 0.04219409282700422 0.056179775280898875
1 0.49050632911392406 0.7397003745318352 0.029535864978902954 0.052434456928838954
1 0.49050632911392406 0.8258426966292135 0.035864978902953586 0.04868913857677903
1 0.4630801687763713 0.7602996254681648 0.029535864978902954 0.08239700374531835
1 0.4419831223628692 0.7621722846441947 0.016877637130801686 0.08239700374531835
1 0.4440928270042194 0.8745318352059925 0.0379746835443038 0.0599250936329588
1 0.2742616033755274 0.7097378277153558 0.035864978902953586 0.04868913857677903
1 0.28270042194092826 0.653558052434457 0.052742616033755275 0.0449438202247191
1 0.31329113924050633 0.6273408239700374 0.04430379746835443 0.0599250936329588
1 0.3449367088607595 0.552434456928839 0.03375527426160337 0.04868913857677903
1 0.32489451476793246 0.5224719101123596 0.035864978902953586 0.03745318352059925
1 0.35443037974683544 0.6367041198501873 0.02109704641350211 0.056179775280898875
1 0.4609704641350211 0.49625468164794007 0.03375527426160337 0.0449438202247191
1 0.41455696202531644 0.7116104868913857 0.027426160337552744 0.07865168539325842
1 0.3881856540084388 0.6891385767790262 0.023206751054852322 0.03745318352059925
1 0.37763713080168776 0.7397003745318352 0.02109704641350211 0.06367041198501873
1 0.5875527426160337 0.5318352059925093 0.10970464135021098 0.4232209737827715
1 0.35548523206751054 0.7247191011235955 0.0189873417721519 0.06741573033707865
1 0.33860759493670883 0.8033707865168539 0.035864978902953586 0.056179775280898875
1 0.35864978902953587 0.8314606741573034 0.02109704641350211 0.04868913857677903
1 0.3048523206751055 0.49625468164794007 0.046413502109704644 0.0449438202247191
1 0.43037974683544306 0.4756554307116105 0.027426160337552744 0.06367041198501873
1 0.39345991561181437 0.5168539325842697 0.0379746835443038 0.0449438202247191
1 0.3628691983122363 0.46629213483146065 0.04008438818565401 0.0449438202247191
1 0.4240506329113924 0.7883895131086143 0.02531645569620253 0.07116104868913857
1 0.39451476793248946 0.795880149812734 0.02531645569620253 0.07116104868913857
1 0.41561181434599154 0.8651685393258427 0.02531645569620253 0.07116104868913857
1 0.4240506329113924 0.9194756554307116 0.02531645569620253 0.07116104868913857
1 0.2468354430379747 0.5730337078651685 0.02531645569620253 0.07116104868913857
1 0.26476793248945146 0.4887640449438202 0.02531645569620253 0.07116104868913857
1 0.40717299578059074 0.41385767790262173 0.02531645569620253 0.07116104868913857
1 0.47151898734177217 0.41385767790262173 0.029535864978902954 0.07116104868913857
1 0.3438818565400844 0.8838951310861424 0.029535864978902954 0.08614232209737828