1 0.6244725738396625 0.23575949367088608 0.0970464135021097 0.25316455696202533
1 0.18881856540084388 0.5079113924050633 0.08227848101265822 0.24050632911392406
1 0.8227848101265823 0.33860759493670883 0.1160337552742616 0.12341772151898735
1 0.9050632911392406 0.7879746835443038 0.06751054852320675 0.1962025316455696
1 0.8143459915611815 0.5174050632911392 0.08016877637130802 0.2310126582278481
1 0.17405063291139242 0.8180379746835443 0.07805907172995781 0.22784810126582278
1 0.0938818565400844 0.7389240506329114 0.07172995780590717 0.17721518987341772
1 0.4620253164556962 0.4240506329113924 0.06751054852320675 0.2120253164556962
1 0.21624472573839662 0.12658227848101267 0.1160337552742616 0.10443037974683544
1 0.08966244725738397 0.21677215189873417 0.06751054852320675 0.2120253164556962
1 0.560126582278481 0.680379746835443 0.12869198312236288 0.12658227848101267
1 0.4166666666666667 0.555379746835443 0.0970464135021097 0.17721518987341772
1 0.38396624472573837 0.8354430379746836 0.16455696202531644 0.1962025316455696
1 0.8048523206751055 0.870253164556962 0.14345991561181434 0.12025316455696203
1 0.6867088607594937 0.7674050632911392 0.10759493670886076 0.12658227848101267
1 0.47468354430379744 0.17563291139240506 0.1729957805907173 0.17405063291139242
1 0.8649789029535865 0.16455696202531644 0.10970464135021098 0.17088607594936708